penalty_collision_now_0: -10
penalty_collision_future_0: -0.01
penalty_collision_now_1: -10
penalty_collision_future_1: -0.01
reward_lead: 20
reward_progress: 0
penalty_centerline: 0
num_iter: 600
c_param: 1.4142135623730951
timehorizon: 18
rollout_horizon: 18
action_set_0: {'velocity_0': [0.0, 1.0, 2.0], 'ang_velocity_0': [-0.7853981633974483, 0.0, 0.7853981633974483]}
action_set_1: {'velocity_1': [0.0, 1.0, 2.0, 3.0], 'ang_velocity_1': [-0.7853981633974483, 0.0, 0.7853981633974483]}
Payoff Agent 0: [(0, 0), (1, 0), (2, 0), (3, 0), (4, 0), (5, 0), (6, 0), (7, 0), (8, 0), (8, -44.85281374238568)]
Payoff Agent 1: [(0, 0), (1, 0), (2, 0), (3, 0), (4, 0), (5, 0), (6, 0), (7, 0), (8, 0), (8, 44.85281374238568)]
Duration: 111.91112661361694
